iteration : 19, ce : 0.5871750950813294, focal : 0.5871750697493553, dice : 0.4851244196295738, total_loss : 1.6594745874404908, time : 90
iteration : 39, ce : 0.405926376581192, focal : 0.4059263661503792, dice : 0.27317510172724724, total_loss : 1.0850278317928315, time : 53
